543.5 306.5
236.0537567138672 304.94622802734375
589.0 302.3537292480469
81.0 299.5
140.24444580078125 299.3500061035156
213.60606384277344 291.0
618.0135498046875 295.0365905761719
567.50732421875 290.4019470214844
243.9388427734375 290.052001953125
178.06146240234375 289.9976501464844
118.9425277709961 288.0574645996094
62.425289154052734 287.54022216796875
639.5072631835938 287.5458984375
94.08333587646484 285.5833435058594
148.42591857910156 285.0740661621094
493.3309326171875 284.5515441894531
464.9610290527344 276.35498046875
477.5 275.0
281.5585632324219 275.0450439453125
234.942626953125 275.6830749511719
333.5 272.0
631.388916015625 272.9364929199219
407.5291748046875 279.29132080078125
190.44024658203125 268.03143310546875
206.1746063232422 265.6507873535156
599.5 265.54925537109375
72.63453674316406 266.7911682128906
133.0 264.0
156.5547637939453 266.70953369140625
452.67742919921875 263.1361999511719
105.5653305053711 262.9973449707031
49.67045593261719 263.2803039550781
578.5 258.0
305.23187255859375 259.5434875488281
257.9313659667969 259.5294189453125
535.8312377929688 261.07916259765625
487.14697265625 260.3700866699219
286.5 258.5952453613281
512.4607543945312 259.7610778808594
410.8999938964844 257.8666687011719
379.4876403808594 259.3567810058594
559.1992797851562 255.46739196777344
435.4190673828125 260.8267822265625
458.5686340332031 251.56863403320312
79.6729965209961 247.28269958496094
50.032920837402344 246.03292846679688
281.53802490234375 245.04678344726562
166.74891662597656 245.6969757080078
230.68650817871094 246.6746063232422
24.0 242.0
386.4609069824219 243.03292846679688
530.433349609375 242.64999389648438
200.1693115234375 241.97354125976562
405.0643005371094 243.5357208251953
329.56756591796875 242.18919372558594
618.5471801757812 240.85691833496094
92.0810775756836 237.40089416503906
34.05228805541992 237.5228729248047
542.0 235.0
471.9208068847656 239.17494201660156
143.25233459472656 242.15809631347656
636.9711303710938 241.42222595214844
589.9360961914062 240.85337829589844
121.75170135498047 236.8333282470703
66.7701187133789 238.162841796875
450.3468322753906 235.11367797851562
410.68817138671875 229.43727111816406
293.4313659667969 226.56863403320312
425.1111145019531 225.0
506.0442199707031 227.25119018554688
254.1172637939453 228.10711669921875
86.90049743652344 222.1144256591797
2.251243829727173 229.5373077392578
628.6666870117188 222.84706115722656
36.91071319580078 220.55357360839844
478.0500793457031 220.47210693359375
391.65789794921875 218.36842346191406
598.6858520507812 217.4061279296875
333.5931396484375 216.5
41.80952453613281 209.8095245361328
446.6140441894531 208.0
569.9549560546875 207.44143676757812
528.6541137695312 206.08804321289062
554.5 203.5
267.5 202.5
295.9377746582031 199.04888916015625
148.58729553222656 200.61508178710938
427.91851806640625 197.1703643798828
377.5 196.0
65.10116577148438 204.06614685058594
241.83248901367188 199.7766571044922
215.6560516357422 197.62844848632812
15.38180923461914 204.66116333007812
35.8070182800293 193.4605255126953
583.1333618164062 195.08816528320312
628.052490234375 190.69029235839844
611.3456420898438 187.64385986328125
434.0 185.0677032470703
241.5 181.5
462.42510986328125 179.83091735839844
89.79838562011719 188.87185668945312
213.05926513671875 178.0370330810547
136.34613037109375 182.2949676513672
59.5 177.40972900390625
520.9801025390625 176.1144256591797
645.2113647460938 172.73983764648438
346.0574645996094 171.94253540039062
255.59458923339844 174.2108154296875
155.17674255371094 171.8480682373047
13.043478012084961 175.43316650390625
432.629638671875 167.58201599121094
589.0413208007812 167.6776885986328
131.9275360107422 165.44927978515625
388.6308288574219 168.60931396484375
35.32638931274414 164.6666717529297
257.5 161.5
331.9751281738281 162.94029235839844
621.8382568359375 166.8043670654297
523.9462280273438 159.9462432861328
84.96275329589844 164.16574096679688
301.72637939453125 160.55224609375
190.55987548828125 160.3139190673828
141.53782653808594 158.74232482910156
442.0306396484375 155.03065490722656
542.9251098632812 153.10861206054688
274.560791015625 152.67843627929688
387.44927978515625 149.0724639892578
247.13450622558594 146.40936279296875
105.5 145.0
57.786163330078125 147.26100158691406
9.645503044128418 150.15696716308594
586.32861328125 147.55792236328125
515.0 143.0
407.1573181152344 145.18727111816406
218.86061096191406 143.59393310546875
638.0465087890625 141.8682098388672
376.8215637207031 140.6161651611328
543.4756469726562 136.35206604003906
612.5 131.5
177.05746459960938 129.05746459960938
294.09246826171875 130.27008056640625
266.0 126.0
492.4166564941406 125.8240737915039
452.98797607421875 127.60060119628906
554.4152221679688 125.64327239990234
394.4557800292969 120.54421997070312
203.1666717529297 120.6141586303711
573.3212280273438 129.43560791015625
233.9516143798828 120.5268783569336
54.0 119.04734802246094
362.56817626953125 114.59091186523438
151.05030822753906 113.30817413330078
634.0 112.5
438.0 105.0
409.44024658203125 102.03144836425781
605.9893798828125 101.4432601928711
102.9549560546875 100.44144439697266
72.71144104003906 101.68905639648438
246.52024841308594 99.52959442138672
189.5 96.0
46.0 96.0
352.1111145019531 92.0
630.42529296875 88.54022979736328
323.4166564941406 89.1759262084961
614.4590454101562 88.94261932373047
294.0909118652344 84.14393615722656
547.0 80.0
572.4658813476562 77.42570495605469
211.1212158203125 74.3272705078125
358.0467834472656 73.46199035644531
397.7653503417969 75.43575286865234
112.56756591796875 73.20720672607422
87.63703918457031 74.35926055908203
238.53672790527344 72.04519653320312
184.2083282470703 70.95536041259766
28.0 69.0
370.1092834472656 70.04917907714844
341.0 65.39393615722656
605.1715087890625 71.00364685058594
485.2371520996094 70.07498168945312
313.4051208496094 62.52820587158203
428.0 59.0
207.10476684570312 54.89047622680664
282.0 54.23030471801758
190.6666717529297 55.14851379394531
98.44607543945312 54.38848114013672
624.5422973632812 55.23429870605469
463.619384765625 56.12293243408203
5.36904764175415 50.91071319580078
109.0 47.0
441.3333435058594 51.14005661010742
17.953332901000977 50.00166702270508
511.0994873046875 46.11442947387695
411.3641052246094 44.28717803955078
594.423095703125 42.0512809753418
253.2813262939453 44.66133499145508
229.56690979003906 41.285888671875
283.042724609375 36.55555725097656
162.40972900390625 33.5
642.5892944335938 35.84810256958008
185.76255798339844 36.27549362182617
297.585693359375 33.020713806152344
459.5124206542969 31.47479248046875
88.23076629638672 26.730770111083984
614.2539672851562 27.042327880859375
489.1894226074219 28.341480255126953
430.65655517578125 27.1616153717041
134.874267578125 31.387426376342773
4.0 23.0
398.5438537597656 21.552631378173828
268.8687744140625 25.519685745239258
64.48542022705078 35.78854751586914
586.8978271484375 18.65450096130371
370.73065185546875 17.73737335205078
623.0724487304688 13.550724983215332
76.87916564941406 15.135416984558105
110.29190826416016 15.898382186889648
29.52798080444336 12.355231285095215
637.6104125976562 10.502008438110352
526.0 8.5
144.00132751464844 13.387566566467285
541.0 4.0
653.8333129882812 1.5416666269302368
