178
Graphene lattice
C 482.0 306.0 0.0
C 460.0 305.0 0.0
C 596.0 305.0 0.0
C 620.0 304.0 0.0
C 101.0 304.0 0.0
C 208.0 302.0 0.0
C 124.0 300.0 0.0
C 290.0 302.0 0.0
C 151.0 300.0 0.0
C 257.0 301.0 0.0
C 551.0 298.0 0.0
C 503.0 298.0 0.0
C 57.0 300.0 0.0
C 320.0 300.0 0.0
C 395.0 284.0 0.0
C 275.0 281.0 0.0
C 324.0 280.0 0.0
C 192.0 288.0 0.0
C 165.0 281.0 0.0
C 596.0 285.0 0.0
C 134.0 279.0 0.0
C 108.0 277.0 0.0
C 507.0 274.0 0.0
C 505.0 267.0 0.0
C 556.0 272.0 0.0
C 234.0 276.0 0.0
C 199.0 257.0 0.0
C 174.0 259.0 0.0
C 87.0 265.0 0.0
C 591.0 254.0 0.0
C 471.0 258.0 0.0
C 132.0 245.0 0.0
C 146.0 257.0 0.0
C 119.0 253.0 0.0
C 58.0 241.0 0.0
C 442.0 249.0 0.0
C 343.0 244.0 0.0
C 160.0 238.0 0.0
C 367.0 243.0 0.0
C 576.0 238.0 0.0
C 245.0 242.0 0.0
C 617.0 246.0 0.0
C 149.0 225.0 0.0
C 218.0 237.0 0.0
C 323.0 229.0 0.0
C 114.0 227.0 0.0
C 430.0 232.0 0.0
C 52.0 225.0 0.0
C 301.0 215.0 0.0
C 364.0 263.0 0.0
C 208.0 211.0 0.0
C 29.0 207.0 0.0
C 353.0 200.0 0.0
C 421.0 202.0 0.0
C 54.0 250.0 0.0
C 585.0 210.0 0.0
C 177.0 217.0 0.0
C 508.0 226.0 0.0
C 282.0 195.0 0.0
C 132.0 199.0 0.0
C 54.0 194.0 0.0
C 203.0 188.0 0.0
C 627.0 200.0 0.0
C 255.0 190.0 0.0
C 359.0 187.0 0.0
C 389.0 184.0 0.0
C 595.0 182.0 0.0
C 233.0 204.0 0.0
C 419.0 179.0 0.0
C 338.0 172.0 0.0
C 77.0 178.0 0.0
C 618.0 178.0 0.0
C 129.0 183.0 0.0
C 347.0 206.0 0.0
C 303.0 181.0 0.0
C 273.0 171.0 0.0
C 181.0 171.0 0.0
C 100.0 162.0 0.0
C 242.0 161.0 0.0
C 361.0 157.0 0.0
C 317.0 152.0 0.0
C 157.0 155.0 0.0
C 209.0 159.0 0.0
C 605.0 155.0 0.0
C 23.0 149.0 0.0
C 506.0 176.0 0.0
C 184.0 142.0 0.0
C 555.0 141.0 0.0
C 456.0 144.0 0.0
C 426.0 147.0 0.0
C 485.0 137.0 0.0
C 209.0 133.0 0.0
C 120.0 141.0 0.0
C 582.0 136.0 0.0
C 336.0 128.0 0.0
C 372.0 121.0 0.0
C 307.0 125.0 0.0
C 49.0 134.0 0.0
C 235.0 135.0 0.0
C 22.0 122.0 0.0
C 432.0 118.0 0.0
C 270.0 132.0 0.0
C 217.0 113.0 0.0
C 68.0 140.0 0.0
C 474.0 105.0 0.0
C 536.0 121.0 0.0
C 486.0 113.0 0.0
C 390.0 102.0 0.0
C 134.0 109.0 0.0
C 11.0 212.0 0.0
C 185.0 113.0 0.0
C 376.0 128.0 0.0
C 158.0 118.0 0.0
C 294.0 99.0 0.0
C 41.0 106.0 0.0
C 321.0 102.0 0.0
C 642.0 88.0 0.0
C 75.0 93.0 0.0
C 513.0 98.0 0.0
C 426.0 94.0 0.0
C 263.0 93.0 0.0
C 175.0 87.0 0.0
C 398.0 90.0 0.0
C 560.0 92.0 0.0
C 525.0 76.0 0.0
C 586.0 76.0 0.0
C 235.0 90.0 0.0
C 430.0 69.0 0.0
C 596.0 73.0 0.0
C 339.0 81.0 0.0
C 533.0 74.0 0.0
C 365.0 68.0 0.0
C 24.0 90.0 0.0
C 123.0 93.0 0.0
C 456.0 62.0 0.0
C 305.0 61.0 0.0
C 282.0 72.0 0.0
C 618.0 71.0 0.0
C 253.0 64.0 0.0
C 557.0 66.0 0.0
C 497.0 73.0 0.0
C 375.0 73.0 0.0
C 357.0 56.0 0.0
C 30.0 54.0 0.0
C 638.0 52.0 0.0
C 587.0 56.0 0.0
C 171.0 55.0 0.0
C 64.0 59.0 0.0
C 139.0 47.0 0.0
C 612.0 41.0 0.0
C 455.0 44.0 0.0
C 211.0 66.0 0.0
C 93.0 40.0 0.0
C 311.0 60.0 0.0
C 267.0 40.0 0.0
C 502.0 37.0 0.0
C 398.0 36.0 0.0
C 368.0 32.0 0.0
C 339.0 31.0 0.0
C 33.0 29.0 0.0
C 312.0 27.0 0.0
C 176.0 26.0 0.0
C 113.0 47.0 0.0
C 631.0 25.0 0.0
C 65.0 24.0 0.0
C 239.0 15.0 0.0
C 148.0 26.0 0.0
C 282.0 21.0 0.0
C 223.0 30.0 0.0
C 488.0 17.0 0.0
C 453.0 21.0 0.0
C 564.0 33.0 0.0
C 529.0 16.0 0.0
C 441.0 7.0 0.0
C 89.0 12.0 0.0
C 259.0 16.0 0.0
C 615.0 125.0 0.0
C 286.0 34.0 0.0
